"Mun US Noti MT","Semana 01","Semana 02","Semana 03","Semana 04","Semana 05","Semana 06","Semana 07","Semana 08","Semana 09","Semana 10","Semana 11","Semana 12","Semana 13","Semana 14","Semana 15","Semana 16","Semana 17","Semana 18","Semana 19","Semana 20","Semana 21","Semana 22","Semana 23","Semana 24","Semana 25","Semana 26","Semana 27","Semana 28","Semana 29","Semana 30","Semana 31","Semana 32","Semana 33","Semana 34","Semana 35","Semana 36","Semana 37","Semana 38","Semana 39","Semana 40","Semana 41","Semana 42","Total"
"510010 Acorizal",2,0,1,1,1,0,0,0,1,0,0,1,1,0,0,0,0,0,1,1,5,3,0,0,0,0,0,0,0,0,0,0,0,0,0,0,0,0,0,0,0,0,18
"510020 Água Boa",3,2,6,4,3,14,8,6,5,13,8,11,17,10,8,7,16,50,54,59,50,28,29,24,18,16,9,4,10,13,6,4,5,6,6,2,1,3,0,1,0,0,539
"510025 Alta Floresta",2,4,9,6,5,17,9,22,17,8,25,19,34,13,28,12,12,13,10,11,4,8,6,4,6,4,4,2,1,0,1,0,3,3,2,3,4,7,8,6,4,4,360
"510030 Alto Araguaia",0,0,3,0,9,5,11,5,1,0,1,4,17,15,15,8,5,2,5,9,6,7,4,8,6,3,5,1,1,1,1,0,3,1,2,0,0,0,0,0,0,0,164
"510035 Alto Boa Vista",0,0,0,1,0,0,1,0,0,0,0,0,0,0,0,0,0,0,0,0,0,0,0,0,0,0,0,0,0,0,0,0,0,0,0,0,0,0,0,0,0,0,2
"510040 Alto Garças",2,5,13,7,8,18,17,20,6,4,6,6,5,6,11,12,18,6,10,5,8,10,29,10,2,0,1,1,1,0,0,0,0,0,0,0,0,0,0,0,0,0,247
"510050 Alto Paraguai",0,0,0,0,0,1,2,1,0,3,0,3,1,1,0,0,0,1,0,0,0,0,0,0,0,0,0,0,0,0,0,0,0,0,0,0,0,0,0,0,0,0,13
"510060 Alto Taquari",0,0,1,7,6,1,2,2,0,1,2,1,7,5,7,3,6,3,4,2,7,8,1,8,4,0,3,0,2,0,0,1,1,0,0,0,0,2,0,3,1,3,104
"510080 Apiacás",5,3,20,6,9,27,21,41,35,35,27,15,27,22,23,22,16,9,12,11,13,8,3,9,1,1,5,7,0,7,10,2,5,2,0,0,0,0,0,0,0,0,459
"510100 Araguaiana",11,10,23,21,13,6,10,9,2,2,3,2,2,2,4,3,7,4,2,4,4,2,0,1,0,1,1,0,1,1,0,1,2,0,0,3,0,0,0,0,0,0,157
"510120 Araguainha",0,0,0,0,0,0,1,0,0,0,0,0,0,0,0,0,0,1,0,0,0,0,0,0,0,0,0,0,0,0,0,0,0,0,0,3,4,0,0,0,0,0,9
"510125 Araputanga",2,18,17,13,19,8,19,35,18,26,31,21,18,16,10,16,15,14,18,16,20,22,17,12,15,17,20,12,11,15,7,5,3,5,1,5,3,1,5,2,1,0,549
"510130 Arenápolis",0,2,4,7,6,1,8,3,4,5,8,3,2,0,6,2,1,0,3,7,3,2,1,1,1,2,0,1,0,0,1,1,1,0,0,0,0,0,0,0,0,0,86
"510140 Aripuanã",1,9,1,2,8,5,11,9,4,4,17,11,18,17,9,4,8,9,6,7,14,7,6,9,3,0,3,2,1,0,1,2,1,1,0,1,0,0,0,0,0,0,211
"510160 Barão de Melgaço",0,3,3,0,3,3,1,0,1,0,0,0,0,0,0,0,0,0,0,0,0,0,0,0,0,0,0,0,0,0,0,0,0,0,0,0,0,0,0,0,0,0,14
"510170 Barra do Bugres",0,2,0,0,1,0,0,2,0,1,1,2,0,0,0,0,1,2,1,1,1,0,0,0,1,0,1,0,0,0,0,0,0,1,0,0,0,0,0,0,0,0,18
"510180 Barra do Garças",0,5,10,9,17,11,17,33,34,12,17,13,15,15,11,8,8,8,12,15,11,15,19,14,16,14,8,5,8,6,8,13,6,6,7,3,7,7,2,3,4,3,455
"510185 Bom Jesus do Araguaia",12,37,24,30,7,9,4,0,0,0,0,0,0,0,0,0,0,0,0,0,0,0,0,0,0,0,0,0,0,0,0,0,0,0,0,0,0,0,0,0,0,0,123
"510190 Brasnorte",0,0,5,2,6,2,7,4,5,8,2,3,6,13,12,9,10,3,10,15,33,21,34,14,9,22,16,17,7,11,4,3,3,1,4,0,2,3,5,2,1,0,334
"510250 Cáceres",65,113,121,87,121,152,150,138,84,76,99,63,64,73,46,58,72,51,65,55,26,17,15,9,6,18,4,11,4,4,4,5,4,12,3,4,6,7,8,8,10,3,1941
"510260 Campinápolis",3,0,0,0,0,0,0,0,0,0,0,1,3,0,0,4,4,0,3,3,7,6,0,6,1,4,0,0,6,0,1,0,1,1,0,3,0,0,0,0,0,2,59
"510263 Campo Novo do Parecis",0,1,1,2,5,10,3,2,2,3,3,8,4,4,4,5,9,10,9,11,5,5,5,5,5,4,0,2,4,3,0,3,0,1,0,0,6,1,1,0,0,0,146
"510267 Campo Verde",1,3,5,4,12,17,17,17,18,5,13,8,7,3,3,5,10,3,10,3,5,4,2,6,5,2,3,2,2,0,0,0,1,3,1,5,4,2,4,5,8,6,234
"510268 Campos de Júlio",0,1,1,7,6,9,7,8,9,5,7,5,8,14,11,8,8,3,11,14,25,19,20,39,14,11,11,11,9,8,5,4,2,2,1,0,2,0,1,3,0,6,335
"510269 Canabrava do Norte",0,0,0,0,0,0,0,0,1,0,0,0,0,1,0,0,2,0,2,1,3,0,3,0,0,0,0,0,2,0,0,0,0,0,0,0,0,0,0,0,0,0,15
"510270 Canarana",1,2,2,1,4,2,1,0,3,1,2,6,5,3,6,2,10,13,7,13,20,25,17,18,5,10,12,4,6,6,1,3,3,3,0,1,0,3,0,0,1,0,222
"510279 Carlinda",0,2,0,0,0,0,0,0,0,0,0,0,0,0,0,0,0,0,0,0,0,0,0,0,0,0,0,0,0,0,0,0,0,0,0,4,7,6,10,12,9,3,53
"510285 Castanheira",0,1,0,0,0,0,0,0,0,0,0,0,0,0,3,2,1,0,2,0,0,0,0,0,0,0,0,0,0,0,0,0,0,0,0,0,0,0,0,0,0,0,9
"510300 Chapada dos Guimarães",2,7,8,16,22,42,30,15,13,4,3,8,7,3,6,7,2,2,11,0,1,0,1,0,4,2,0,1,1,0,0,0,0,2,0,0,1,0,1,0,0,0,222
"510305 Cláudia",4,32,19,8,9,4,5,3,5,1,2,2,6,2,3,4,7,1,1,1,8,9,4,4,2,5,3,1,4,6,3,4,1,3,2,4,0,0,0,2,6,0,190
"510310 Cocalinho",0,2,0,0,1,0,0,0,0,0,0,0,0,0,0,0,0,0,0,0,0,0,0,2,0,0,1,0,0,0,0,0,0,0,0,0,0,0,0,0,0,0,6
"510320 Colíder",3,11,22,29,22,23,29,41,30,20,40,35,26,17,15,19,15,9,16,14,10,9,7,10,6,2,2,6,3,2,1,0,4,0,2,2,1,3,1,3,2,4,516
"510325 Colniza",0,1,0,0,1,1,6,17,21,4,8,18,9,3,9,3,3,5,4,12,8,10,5,3,1,0,2,0,1,3,0,0,0,3,1,0,1,2,0,0,0,0,165
"510330 Comodoro",0,3,4,4,1,6,12,5,8,1,1,0,8,6,20,16,17,4,12,11,20,7,10,21,8,4,3,2,0,0,0,0,0,0,0,0,0,0,0,0,0,0,214
"510335 Confresa",0,2,0,1,0,3,3,3,4,3,6,4,7,5,6,3,3,3,4,13,8,0,15,9,2,3,2,4,0,1,0,0,0,0,0,0,1,0,1,2,1,0,122
"510336 Conquista D'Oeste",0,0,1,10,3,2,7,6,2,3,1,6,1,1,1,1,4,0,0,1,0,2,1,0,0,0,1,1,0,1,0,0,0,0,0,0,0,0,0,0,1,0,57
"510337 Cotriguaçu",0,1,0,3,1,4,2,2,1,3,3,0,0,1,6,0,3,2,2,0,1,2,0,0,0,0,0,0,0,0,0,0,0,0,0,0,0,0,1,0,0,0,38
"510340 Cuiabá",25,119,292,173,167,132,129,57,76,35,41,15,10,19,17,10,9,17,13,12,14,6,8,4,7,6,7,6,6,8,4,4,8,9,3,1,12,6,5,8,4,1,1505
"510343 Curvelândia",1,3,10,3,3,1,0,0,1,0,0,0,0,0,0,0,0,0,0,0,0,0,0,0,0,1,0,1,0,0,0,0,0,0,0,0,0,0,1,0,0,0,25
"510345 Denise",0,0,0,0,0,0,0,0,0,0,0,1,3,0,1,0,0,0,0,0,0,0,0,0,0,0,0,0,0,0,0,0,0,0,0,0,0,0,0,0,0,0,5
"510350 Diamantino",2,6,2,17,15,12,9,17,5,3,10,16,6,4,0,3,1,1,6,3,2,0,2,2,2,0,0,0,1,0,2,1,0,1,0,0,0,0,2,0,1,0,154
"510360 Dom Aquino",0,0,0,3,0,0,1,4,0,0,1,2,0,1,0,0,0,0,0,0,0,0,0,0,0,2,0,0,0,0,0,0,0,0,0,0,0,0,0,0,0,0,14
"510370 Feliz Natal",1,7,3,6,8,2,3,1,0,0,1,0,0,0,0,2,4,0,1,2,3,0,1,0,1,0,0,0,0,0,0,0,0,0,1,0,0,1,4,2,4,3,61
"510380 Figueirópolis d'Oeste",0,0,0,0,3,0,2,0,0,1,0,0,0,0,0,2,0,0,0,0,0,0,0,0,0,1,0,0,0,0,0,0,0,0,0,0,0,0,0,0,0,0,9
"510385 Gaúcha do Norte",0,0,0,0,0,0,0,1,0,0,0,0,0,0,0,0,0,0,1,1,0,0,0,0,0,0,0,0,0,0,0,0,0,0,0,0,0,0,0,0,0,0,3
"510390 General Carneiro",0,0,3,0,4,2,2,6,1,0,2,1,0,1,3,1,3,2,0,1,0,1,8,5,0,3,4,0,0,1,0,0,0,0,0,0,0,0,0,0,1,0,55
"510395 Glória d'Oeste",0,0,1,0,0,0,1,1,0,1,2,2,0,1,0,0,2,0,2,0,0,2,0,0,0,0,0,1,2,0,0,0,0,0,0,0,0,0,0,0,1,0,19
"510410 Guarantã do Norte",1,1,2,3,5,4,16,27,22,7,32,30,39,35,34,23,26,22,29,32,30,23,17,10,10,5,12,4,2,3,3,5,5,2,6,2,0,4,4,3,0,0,540
"510420 Guiratinga",0,0,0,1,2,5,4,8,2,0,7,1,2,9,1,1,1,0,0,1,0,0,1,1,3,2,0,1,0,0,1,1,1,1,0,0,0,0,0,0,0,0,57
"510450 Indiavaí",0,0,0,0,0,1,0,1,0,0,0,3,9,4,3,2,2,0,0,0,1,0,2,0,0,0,0,0,0,0,0,0,0,1,0,1,1,0,0,0,0,0,31
"510452 Ipiranga do Norte",0,0,0,2,1,0,1,2,4,4,1,2,1,5,2,2,3,0,3,5,6,5,7,5,3,1,3,2,4,5,4,4,1,2,5,0,2,0,1,0,0,0,98
"510454 Itanhangá",0,3,4,6,13,4,8,37,9,28,11,8,8,14,1,9,3,5,5,2,4,3,2,12,4,0,0,0,1,0,0,0,0,0,1,0,0,0,0,0,0,0,205
"510455 Itaúba",0,0,3,12,3,7,9,13,25,10,52,25,12,88,20,32,51,29,35,28,18,20,24,18,5,0,3,1,0,7,1,0,0,0,0,0,0,0,0,0,0,0,551
"510460 Itiquira",3,7,19,13,3,2,0,4,1,0,0,0,0,0,0,0,1,0,1,0,2,0,0,1,0,0,0,0,0,0,0,0,0,0,0,0,0,0,0,0,2,0,59
"510480 Jaciara",2,6,13,18,10,6,6,5,1,0,0,0,1,1,0,0,2,0,1,0,1,0,0,4,0,3,0,1,0,0,0,0,0,0,0,1,1,0,0,0,0,0,83
"510490 Jangada",0,1,10,10,12,12,9,0,0,0,3,0,0,0,0,0,0,0,0,0,0,0,0,0,0,0,0,0,0,0,0,0,0,0,0,0,0,0,0,0,0,0,57
"510500 Jauru",0,8,7,1,11,5,0,2,6,2,2,2,0,0,0,0,0,0,0,1,1,3,0,0,0,0,0,1,1,1,0,0,0,0,0,0,2,0,0,0,0,0,56
"510510 Juara",1,4,16,45,39,53,73,63,37,19,38,13,13,17,11,14,12,10,8,10,3,3,1,4,6,7,1,0,0,0,3,0,2,2,0,1,0,0,0,0,0,0,529
"510515 Juína",3,2,2,6,5,15,12,4,12,8,3,8,6,14,13,5,8,3,5,10,10,11,4,3,2,6,6,6,0,1,3,3,0,0,1,0,0,0,0,0,0,0,200
"510517 Juruena",10,30,54,108,134,16,7,4,7,13,17,15,9,7,5,0,2,3,1,1,5,0,3,0,1,1,1,0,1,0,0,0,0,1,0,0,0,0,0,0,0,0,456
"510520 Juscimeira",0,8,3,11,13,2,4,4,2,0,1,2,0,0,0,0,0,0,0,0,0,1,0,0,0,0,0,0,0,0,0,0,0,0,0,0,0,0,0,0,0,0,51
"510523 Lambari d'Oeste",0,12,7,20,20,9,14,38,15,14,18,11,6,16,3,1,0,0,2,0,0,0,2,1,2,1,0,0,2,2,0,0,0,0,0,0,0,0,0,0,0,0,216
"510525 Lucas do Rio Verde",2,1,4,6,11,13,11,14,11,15,23,16,12,12,15,14,14,10,3,3,3,0,4,3,1,1,0,2,0,0,0,0,1,0,2,6,1,4,8,5,12,7,270
"510530 Luciara",0,0,0,0,0,1,2,0,0,0,0,0,0,0,0,0,0,0,0,0,0,0,0,0,0,0,0,0,0,0,0,0,0,0,0,0,0,0,0,0,0,0,3
"510558 Marcelândia",1,4,3,1,2,0,2,0,4,1,1,1,4,1,5,4,3,5,5,2,6,8,4,3,2,4,1,1,1,0,2,2,1,0,1,1,1,0,0,1,1,0,89
"510560 Matupá",2,4,1,3,4,5,1,5,5,5,11,11,9,10,12,9,11,8,10,41,59,55,23,14,6,12,8,11,0,1,6,2,6,1,3,1,1,1,2,2,1,4,386
"510562 Mirassol d'Oeste",5,14,17,27,20,10,22,9,8,3,3,3,10,4,3,1,3,2,3,2,6,2,5,2,2,2,1,0,1,0,0,0,2,3,2,0,1,0,2,0,3,0,203
"510590 Nobres",0,2,15,13,14,10,13,15,8,1,10,11,3,7,2,3,1,1,0,0,1,0,0,0,0,0,0,0,0,0,0,0,0,0,0,0,0,0,0,0,0,0,130
"510600 Nortelândia",0,1,0,0,2,0,2,2,2,1,3,1,2,3,1,3,6,2,2,0,1,2,1,0,1,0,0,0,0,0,0,0,0,0,0,0,0,0,1,2,0,0,41
"510610 Nossa Senhora do Livramento",2,6,0,3,3,5,3,1,1,1,0,2,1,1,1,1,1,1,1,0,0,0,0,0,0,0,0,0,0,0,0,0,0,0,0,0,1,0,0,0,0,0,35
"510615 Nova Bandeirantes",1,3,12,15,15,28,14,21,15,19,3,11,14,2,11,25,5,2,0,1,0,0,0,0,0,2,2,2,0,3,1,0,0,0,0,0,0,0,0,0,0,0,227
"510617 Nova Nazaré",0,1,1,2,0,0,1,0,0,0,0,0,0,0,0,1,0,0,0,0,1,1,1,1,0,0,0,0,0,0,1,0,0,0,0,0,0,0,1,0,0,0,12
"510620 Nova Brasilândia",0,0,1,3,5,5,3,0,1,0,1,4,5,2,1,0,2,1,6,0,3,0,0,1,1,1,0,1,2,1,0,2,0,1,0,0,0,0,0,0,0,0,53
"510621 Nova Canaã do Norte",1,3,1,5,9,6,18,34,25,17,8,7,8,11,1,2,5,5,5,4,7,7,5,5,3,0,0,0,0,0,5,1,2,1,0,0,0,0,1,0,0,0,212
"510880 Nova Guarita",0,0,0,0,2,1,0,0,0,0,0,0,0,0,0,0,0,0,2,0,0,0,0,0,0,13,6,0,0,0,0,0,0,0,0,0,0,0,0,0,0,0,24
"510618 Nova Lacerda",0,8,6,9,2,5,1,4,9,0,4,5,2,4,6,6,6,5,1,0,2,0,1,2,0,0,3,0,0,0,0,0,0,0,0,0,0,0,0,0,0,0,91
"510619 Nova Santa Helena",0,0,2,0,1,1,2,3,5,1,3,0,2,2,3,2,1,4,2,6,4,6,9,3,4,0,0,1,1,0,3,0,0,0,0,0,0,0,1,0,0,0,72
"510885 Nova Marilândia",0,0,0,0,0,1,0,0,0,0,0,0,0,0,0,1,0,0,0,0,1,0,0,1,2,1,0,0,0,1,0,0,0,0,0,0,0,0,0,0,0,0,8
"510890 Nova Maringá",0,0,0,0,0,0,0,0,0,0,0,1,0,1,0,4,3,5,0,2,1,0,0,0,0,0,0,0,0,0,0,0,0,0,0,0,0,0,0,0,0,0,17
"510895 Nova Monte Verde",5,30,0,3,1,0,0,0,0,0,0,1,3,3,0,8,3,0,0,0,0,0,0,0,0,0,0,0,0,1,0,0,0,0,0,0,0,0,0,0,0,0,58
"510622 Nova Mutum",23,24,25,33,32,26,32,32,38,37,35,40,40,27,36,33,37,42,43,46,62,41,31,33,11,14,4,12,7,13,9,11,7,16,11,4,38,38,27,29,20,17,1136
"510623 Nova Olímpia",0,1,0,0,0,0,1,3,4,5,3,4,6,0,0,1,3,0,4,1,0,1,2,1,2,1,0,0,2,2,0,0,0,0,1,0,0,2,0,0,0,0,50
"510624 Nova Ubiratã",0,1,1,1,0,2,3,9,1,4,5,10,4,1,3,3,8,1,3,2,1,8,5,3,2,6,2,3,2,0,0,3,1,3,3,1,0,0,0,0,0,0,105
"510625 Nova Xavantina",1,2,2,1,0,4,3,1,2,3,0,1,3,3,0,3,1,0,6,6,4,4,3,9,2,3,1,3,2,4,7,5,1,1,1,2,1,0,0,0,0,0,95
"510627 Novo Horizonte do Norte",0,0,1,1,0,0,0,2,1,4,5,5,6,9,4,4,4,2,3,7,4,5,1,1,3,5,3,2,10,5,0,2,2,1,1,0,2,0,1,0,1,2,109
"510626 Novo Mundo",1,0,0,2,2,2,1,0,5,1,0,6,1,1,3,5,4,2,4,5,2,7,10,8,0,1,1,11,4,0,0,2,0,1,0,0,2,0,1,0,1,0,96
"510628 Novo São Joaquim",0,1,3,3,2,0,6,19,10,7,13,6,6,7,7,5,10,13,18,19,4,12,10,3,2,1,3,5,3,0,3,3,1,2,0,0,1,0,0,0,1,0,209
"510629 Paranaíta",0,0,5,3,8,2,11,5,10,2,5,4,1,4,4,12,6,6,3,1,1,6,4,1,0,0,3,5,1,1,2,2,1,1,0,0,1,4,1,0,0,0,126
"510630 Paranatinga",1,4,4,1,2,4,5,6,6,6,5,2,2,2,4,5,2,4,4,2,11,10,10,7,5,6,5,3,1,7,0,1,3,5,10,2,2,5,0,0,0,0,164
"510631 Novo Santo Antônio",0,0,0,1,1,0,1,0,0,0,0,1,0,0,1,0,0,0,0,0,0,0,0,0,0,0,0,0,0,0,0,0,0,0,0,0,0,0,0,0,0,0,5
"510637 Pedra Preta",0,2,5,2,4,4,6,3,3,2,2,0,0,0,3,1,2,1,2,2,3,1,1,0,3,0,0,0,0,1,0,0,2,0,1,0,1,1,0,0,0,0,58
"510642 Peixoto de Azevedo",0,1,3,3,5,3,5,4,4,4,4,2,3,3,1,1,7,12,11,15,29,22,22,13,10,16,7,2,4,0,4,3,2,0,0,0,0,0,0,0,0,0,225
"510645 Planalto da Serra",0,1,1,0,0,0,0,3,12,0,2,5,4,6,1,1,0,0,0,0,3,1,2,4,2,0,4,1,1,0,0,0,0,0,1,0,0,0,0,0,0,0,55
"510650 Poconé",12,28,39,19,5,8,26,20,19,6,13,2,3,2,0,2,3,0,0,0,0,0,0,0,0,0,0,0,0,1,0,0,0,0,0,0,0,0,0,0,0,0,208
"510665 Pontal do Araguaia",0,1,0,2,3,0,1,2,1,0,1,1,0,1,0,1,0,1,1,0,1,1,3,2,1,1,1,0,0,2,1,0,0,0,0,1,3,5,2,3,2,1,46
"510670 Ponte Branca",0,1,0,1,0,1,0,2,0,1,0,2,0,1,0,0,0,0,0,0,0,0,0,0,0,0,0,0,0,0,0,0,0,0,0,0,0,0,0,0,0,0,9
"510675 Pontes e Lacerda",12,32,77,82,101,54,76,41,37,21,32,35,26,29,22,28,21,18,28,43,27,20,24,14,10,11,4,8,2,8,8,3,3,3,7,5,4,3,3,3,3,0,988
"510677 Porto Alegre do Norte",0,2,1,7,8,15,7,4,7,4,2,3,1,0,0,1,0,1,0,0,0,0,0,0,0,0,0,0,0,0,0,0,0,0,0,0,0,0,0,0,0,0,63
"510680 Porto dos Gaúchos",0,0,2,0,2,0,1,2,0,0,2,0,0,0,0,0,1,0,1,0,1,1,0,0,2,0,5,3,2,4,6,1,5,2,3,3,1,5,2,3,13,2,75
"510682 Porto Esperidião",0,0,1,5,7,5,9,7,3,2,2,1,2,3,2,4,0,3,3,2,0,0,2,2,0,2,1,2,2,4,3,0,0,0,0,0,0,1,0,3,1,0,84
"510685 Porto Estrela",0,0,2,0,4,2,3,0,2,0,0,0,8,10,5,1,0,2,1,1,0,0,0,0,0,0,0,0,0,0,0,0,0,0,0,0,0,1,0,0,0,0,42
"510700 Poxoréo",0,0,1,11,11,11,11,1,2,4,4,5,1,3,5,0,0,0,2,0,0,0,0,2,2,0,0,0,0,0,0,0,0,0,0,0,0,0,0,0,1,0,77
"510704 Primavera do Leste",16,36,36,134,144,145,117,114,114,110,135,117,94,99,133,121,177,140,185,142,143,128,111,130,67,68,47,32,25,25,20,26,15,11,4,5,6,8,10,19,11,4,3224
"510706 Querência",2,3,5,3,16,14,18,46,37,17,23,17,27,16,13,20,14,14,66,120,145,91,55,40,33,23,19,3,1,5,4,2,0,0,0,2,0,0,0,0,0,0,914
"510715 Reserva do Cabaçal",0,0,0,0,0,0,1,0,0,0,0,4,1,4,3,8,3,7,0,0,0,0,0,0,1,2,1,0,0,4,2,0,4,2,0,0,0,3,4,12,0,0,66
"510718 Ribeirão Cascalheira",0,1,0,2,2,2,0,5,2,4,8,5,5,5,11,4,2,5,2,11,9,10,8,14,7,4,5,5,3,0,1,0,1,0,0,0,0,0,0,0,0,0,143
"510719 Ribeirãozinho",0,0,1,0,1,0,0,3,0,0,1,5,2,0,1,3,1,0,2,1,3,1,0,2,0,1,1,5,0,0,0,0,0,0,0,3,0,0,0,0,0,2,39
"510720 Rio Branco",5,26,34,18,30,11,13,11,2,11,6,5,9,7,3,2,10,2,4,6,1,2,1,1,1,3,3,0,0,0,0,0,1,2,0,0,0,0,0,0,0,0,230
"510757 Rondolândia",1,3,1,0,0,0,0,1,0,0,1,0,0,2,4,3,0,2,2,3,2,0,0,0,0,0,0,0,0,0,1,0,0,0,0,1,1,3,0,0,2,0,33
"510760 Rondonópolis",10,144,452,410,227,275,159,105,72,22,28,37,17,12,18,10,14,10,14,8,10,4,2,6,4,2,1,2,5,0,0,1,2,0,0,1,2,0,1,0,1,0,2088
"510770 Rosário Oeste",0,0,0,0,0,2,0,1,0,0,1,1,2,1,1,0,1,1,4,0,0,0,0,0,0,0,0,1,0,0,0,0,0,0,0,0,0,0,0,0,1,1,18
"510774 Santa Cruz do Xingu",0,1,0,1,0,0,0,0,0,0,2,0,1,0,3,0,0,0,2,3,0,0,0,0,0,0,0,0,0,0,0,0,0,0,0,0,0,0,0,0,0,0,13
"510775 Salto do Céu",0,0,0,0,0,1,2,0,1,0,0,0,0,0,0,0,0,0,0,0,0,0,0,0,0,0,0,0,0,0,0,0,0,0,0,0,0,0,0,0,0,0,4
"510776 Santa Rita do Trivelato",0,0,1,1,2,5,4,5,6,3,7,6,4,2,4,0,7,6,7,7,4,3,5,5,4,1,2,0,0,1,0,0,0,0,0,0,0,0,0,0,0,0,102
"510724 Santa Carmem",5,11,16,12,16,13,11,3,2,0,1,0,1,0,1,7,5,4,5,4,10,10,4,5,3,0,2,3,1,3,2,1,0,1,1,1,0,1,1,0,0,0,166
"510726 Santo Afonso",0,0,1,0,0,0,1,0,0,0,0,0,0,0,0,0,0,0,0,0,1,0,0,0,0,0,0,0,0,0,0,0,0,0,0,0,0,0,0,0,0,0,3
"510777 Santa Terezinha",0,0,0,0,0,0,0,0,0,0,0,0,0,0,0,0,0,0,0,0,0,0,0,0,0,0,0,0,0,0,0,0,0,0,0,0,0,0,0,0,0,0,0
"510779 Santo Antônio do Leste",0,1,3,0,0,1,0,1,0,0,0,1,0,1,0,0,1,1,0,0,0,0,0,0,1,0,0,1,0,0,0,0,0,0,0,0,0,0,0,0,0,0,12
"510780 Santo Antônio do Leverger",0,19,43,36,23,8,23,20,3,1,3,8,3,3,2,0,1,3,0,0,0,0,0,0,0,0,0,0,0,0,0,0,0,0,0,0,0,0,0,0,0,0,199
"510785 São Félix do Araguaia",0,0,0,0,0,0,0,0,0,0,2,1,1,0,0,0,6,4,13,7,15,5,14,10,2,5,5,1,2,1,3,1,0,0,0,0,0,0,0,0,0,0,98
"510729 São José do Povo",5,2,2,2,2,4,5,0,8,2,0,1,0,1,0,0,0,0,0,0,1,0,0,0,0,0,0,0,0,0,2,0,0,0,0,0,0,0,0,0,0,0,37
"510730 São José do Rio Claro",3,3,0,2,1,3,1,7,10,3,9,4,8,10,3,0,0,3,3,1,0,4,6,3,0,1,2,0,1,0,0,0,0,0,0,0,0,0,0,0,0,0,91
"510735 São José do Xingu",0,1,1,0,0,0,3,1,3,3,0,2,3,6,2,0,4,5,5,5,5,3,6,12,12,2,1,0,0,0,0,0,0,0,0,0,0,0,0,0,0,0,85
"510710 São José dos Quatro Marcos",0,0,1,4,2,2,6,3,2,1,5,0,5,8,0,0,0,0,8,8,8,3,2,6,7,6,2,2,1,1,0,1,2,2,0,2,2,2,3,0,5,0,112
"510740 São Pedro da Cipa",3,0,1,0,1,0,0,1,1,0,0,0,0,0,0,0,0,0,0,0,0,0,0,0,0,0,0,0,0,0,0,0,0,0,0,0,0,0,0,0,0,0,7
"510787 Sapezal",2,3,3,5,7,10,5,4,7,3,4,6,2,8,2,1,2,2,3,1,0,1,0,1,2,2,0,2,1,0,0,1,0,1,0,1,0,0,0,0,1,1,94
"510788 Serra Nova Dourada",0,0,0,2,0,0,0,0,0,0,1,0,0,0,0,0,0,0,0,0,0,0,0,0,0,0,0,4,0,0,0,0,0,0,0,0,0,0,0,0,0,0,7
"510790 Sinop",14,27,32,32,30,36,59,61,39,54,55,34,61,50,49,54,37,43,75,62,80,76,41,36,23,31,31,28,25,19,18,18,24,30,78,63,91,82,91,32,125,151,2097
"510792 Sorriso",7,13,8,25,15,2,4,3,1,3,1,6,2,5,4,0,2,12,8,15,20,11,5,5,1,2,5,4,0,7,2,0,0,0,0,0,0,0,0,0,0,0,198
"510794 Tabaporã",0,2,4,1,5,2,4,1,0,0,7,5,6,6,3,4,15,19,5,5,5,9,2,4,1,2,2,1,1,0,0,0,0,0,0,0,0,0,0,0,0,0,121
"510795 Tangará da Serra",1,4,10,27,14,27,76,39,30,24,27,23,13,18,16,13,16,16,33,35,23,17,10,26,14,19,6,6,5,7,7,8,11,4,5,2,3,0,6,9,6,8,664
"510800 Tapurah",0,1,2,2,1,3,2,0,1,0,1,4,4,8,5,1,3,1,7,16,17,11,6,0,0,2,1,3,0,1,0,1,0,0,0,0,0,0,0,0,1,0,105
"510805 Terra Nova do Norte",0,1,0,2,8,4,2,5,13,12,14,8,5,5,2,5,6,7,6,6,4,6,9,1,6,5,1,5,2,2,4,1,2,1,4,0,8,4,4,12,9,2,203
"510810 Tesouro",0,0,5,7,6,7,13,7,7,6,8,3,6,1,3,3,2,1,1,0,2,0,0,0,0,0,0,0,0,0,0,0,0,1,0,0,0,0,0,0,0,0,89
"510820 Torixoréu",0,0,0,1,2,0,0,0,0,0,7,4,18,12,8,6,6,6,14,12,9,4,3,1,0,1,3,1,1,0,0,0,0,0,0,0,0,0,0,0,0,0,119
"510830 União do Sul",0,4,2,12,5,5,3,2,2,0,0,0,0,1,0,0,0,0,1,1,1,0,0,0,0,0,0,0,0,0,0,0,0,0,0,0,0,0,0,0,0,0,39
"510835 Vale de São Domingos",0,0,5,9,9,13,3,0,0,1,1,0,1,3,3,0,0,0,0,1,2,0,0,0,0,0,0,0,0,0,0,0,0,0,0,0,0,0,0,0,0,0,51
"510840 Várzea Grande",19,153,127,229,234,215,263,224,199,75,122,175,208,176,158,69,77,71,68,37,32,24,19,25,7,7,8,19,11,12,5,8,11,7,10,8,11,8,20,12,13,19,3195
"510850 Vera",0,2,0,3,11,13,14,22,45,20,25,8,10,45,27,16,26,19,39,2,10,26,14,7,1,1,6,1,0,2,1,0,1,0,0,1,2,0,0,0,0,0,420
"510550 Vila Bela da Santíssima Trindade",1,14,15,1,2,2,3,2,0,1,0,0,0,0,0,0,0,0,0,0,0,0,0,0,0,0,0,0,0,0,0,0,0,0,0,0,0,0,0,0,0,0,41
"510860 Vila Rica",0,0,0,0,0,3,1,4,1,0,0,5,1,2,3,1,1,3,9,1,5,13,11,4,2,5,0,1,2,0,0,1,0,0,0,0,0,0,0,0,0,0,79
"510000 municipio ignorado",0,0,0,0,0,0,0,0,0,0,0,0,0,0,0,0,0,0,0,0,0,0,0,0,0,0,0,0,0,0,0,0,0,0,0,0,0,0,0,0,0,0,0
"Total",331,1152,1822,1997,1904,1755,1850,1723,1429,949,1288,1140,1162,1199,1044,896,1035,889,1188,1157,1241,1017,853,798,465,482,376,329,240,265,208,182,180,178,198,165,255,239,258,212,297,259,34607
